[1.9180327868852458, 0.37985147821213394, 0.5009221689413501, 0.50018443378827, 0.115995115995116, 0.3756830601092896, 0.51190353810523, 0.5082396188998919, 0.6901520448969691, 0.5633727587616519, 0.8517501715854495, 0.882270497547302, '0', '1']
[1.6106194690265487, 0.36618691043469803, 0.4971451334484132, 0.5000663922453857, 0.07554945054945054, 0.41080577550069863, 0.5082155997099893, 0.5098019760083231, 0.6749924744281673, 0.5442081530284195, 0.8163363943934268, 0.8375122910521141, '0', '2']
[1.88135593220339, 0.36511087358544986, 0.5013011152416357, 0.5020910780669146, 0.10527193860527194, 0.40711199734130943, 0.5057024867158129, 0.5027419147772307, 0.6777858441295125, 0.554696845277292, 0.8856315281313087, 0.8910149016841549, '0', '3']
[1.7092198581560283, 0.7208734292692975, 0.5018778576094056, 0.49951012410189416, 0.36099585062240663, 0.6028368794326241, 0.5030394309564509, 0.5022445869729599, 0.6489274569852309, 0.6216377099682806, 0.9838263979193758, 0.991759138381201, '0', '4']
[1.6238532110091743, 0.7078733219302338, 0.4998169436918796, 0.5006590027092334, 0.412557781201849, 0.6109836901121305, 0.503859381182349, 0.5039198354023867, 0.6019613094321112, 0.586170219211198, 0.9832907697920467, 0.9822812443150809, '0', '5']
[2.0, 0.654494855793557, 0.5057337971910836, 0.4977451359360907, 0.24431818181818182, 0.5478896103896104, 0.5051916257946409, 0.5036588202417348, 0.6648023029459216, 0.6077098988900426, 0.963368099720173, 1.0, '0', '6']
[2.0, 0.6869760707209267, 0.5012757224471684, 0.5047423595318653, 0.16358024691358025, 0.8338945005611672, 0.5072232733408247, 0.5034539688800417, 0.5566322144643873, 0.5161705922126433, 0.9769382824511311, 0.9885923136559973, '0', '7']
[2.049107142857143, 0.7499221910986617, 0.5018286989001868, 0.5015174310022826, 0.3566354077863029, 0.6812888198757764, 0.501186071965879, 0.5005335011964713, 0.6153671090548586, 0.5841811555774442, 0.9599641852136096, 0.9912017389504192, '0', '8']
[1.5789473684210527, 0.5157894736842106, 0.5052910052910053, 0.5034013605442177, 0.22962962962962963, 0.387719298245614, 0.5120340533874369, 0.5095490047871001, 0.6673909846111952, 0.6192419991603626, 0.8924187725631769, 0.9765151515151516, '0', '9']
[1.803030303030303, 0.44563279857397503, 0.5068571428571429, 0.4917142857142857, 0.21008403361344538, 0.1414141414141414, 0.5036580086580087, 0.5034141656662665, 0.7091965350081147, 0.6677207256275143, 0.9871194379391101, 0.9198682766190999, '0', '10']
[1.880952380952381, 0.7091621458710067, 0.5019124521886953, 0.49936251593710157, 0.369620253164557, 0.5833333333333334, 0.5123651670612996, 0.5103476843458661, 0.5969107053982404, 0.5776340062326323, 0.9355385920271416, 0.9686706181202371, '0', '11']
[1.5471698113207548, 0.5236999539806719, 0.523286467486819, 0.5193321616871704, 0.36585365853658536, 0.6918238993710691, 0.5201943164107836, 0.5071531141497707, 0.6127510949916425, 0.5702381304242463, 0.8512396694214877, 0.9407149084568439, '0', '12']
[1.620879120879121, 0.7059704890213365, 0.4983789266325059, 0.5000498340818217, 0.43289162814586546, 0.6280816561715438, 0.5012876327851177, 0.5021801292883892, 0.6009680671384631, 0.5868155142320233, 0.9820306997374747, 0.9803929544807387, '0', '13']
[1.4778761061946903, 0.44979068411848866, 0.5035344015080113, 0.5014137606032045, 0.21007984031936128, 0.3997917751171265, 0.5094886690632481, 0.502753446923307, 0.6444447785840272, 0.6027701716366902, 0.8761101243339254, 0.9614312267657993, '0', '14']
[1.4537037037037037, 0.6543996225524888, 0.5004506128334535, 0.5043258832011536, 0.3734800231615518, 0.6423611111111112, 0.5092759486234613, 0.5057224959703158, 0.5679537059102219, 0.5506305957498842, 0.9853975121687398, 0.9777498654225731, '0', '15']
[1.7252747252747254, 0.3823055924966753, 0.49798608568290004, 0.5027462467960454, 0.16178343949044585, 0.31043956043956045, 0.509582691201146, 0.506678452399555, 0.6723860638604874, 0.6070444844454665, 0.8737931034482759, 0.9441660701503222, '0', '16']
[1.3936170212765957, 0.4110768231281468, 0.49723429474516, 0.5, 0.1267175572519084, 0.3951367781155015, 0.5075867750531705, 0.5092833596231161, 0.6580175486770591, 0.5765288774564403, 0.9468786351298953, 0.930053804765565, '0', '17']
[1.4821428571428572, 0.32153614457831325, 0.4996654399464704, 0.5065239210438274, 0.10441767068273092, 0.30357142857142855, 0.5097993237107489, 0.5095248844155478, 0.7041305021562625, 0.5886254072217989, 0.9269882659713168, 0.8866666666666667, '0', '18']
[1.1287128712871286, 0.43790168490533266, 0.5013883379611266, 0.5015866719555732, 0.19696969696969696, 0.3721122112211221, 0.5103114040083103, 0.5109657821666423, 0.6428876641502808, 0.5830330996346936, 0.8675595238095238, 0.9383003492433062, '0', '19']
[1.490566037735849, 0.4649510389300215, 0.504430461024785, 0.5010915628611788, 0.23590333716915995, 0.4068396226415094, 0.5104564695392175, 0.5048352252130701, 0.6354781100320702, 0.589894459766797, 0.9405418966382338, 0.9840739789365528, '0', '20']
[1.7526881720430108, 0.2777228049343624, 0.49643705463182897, 0.5144893111638955, 0.08773006134969324, 0.26628716002530045, 0.5214491865246597, 0.5090159276044475, 0.6979449772039171, 0.594639647692569, 0.7349048800661704, 0.8608270342374389, '0', '21']
[1.5, 0.4315702479338843, 0.4998085024894676, 0.5001914975105324, 0.18333333333333332, 0.41871657754010694, 0.5090421642700463, 0.5061863367493394, 0.6455033055907375, 0.5891828543819516, 0.9542828435066566, 0.954077791718946, '0', '22']
[1.28099173553719, 0.3932817915222607, 0.4998644251626898, 0.5027114967462039, 0.21885856079404467, 0.30836776859504134, 0.5071731413922304, 0.5062661815128403, 0.6527975798992223, 0.6147129547066281, 0.8949406298399587, 0.9179084967320261, '0', '23']
