[1.943661971830986, 0.3115148216189245, 0.44754277393520203, 0.5298871496177648, 0.9152393500219587, 0.23194723898949252, 0.499447967992398, 0.5605812401407596, 0.32098754577012806, 0.637772110944541, 0.6989645434577973, 0.5659450505512081, '1', '1']
[2.35, 0.3103723404255319, 0.47472150814053127, 0.5469151670951157, 0.9674940898345153, 0.2388157894736842, 0.5048468294772922, 0.5373024120767926, 0.3228527583659019, 0.6433878809714735, 0.6397947966288018, 0.5964248882777586, '1', '2']
[2.772277227722772, 0.675, 0.5427733249515427, 0.6873068259206873, 0.9948051948051948, 0.6316148856264937, 0.61638785283526, 0.48021280019158374, 0.4378646064979596, 0.5719587615355662, 0.4595328625746877, 0.7938873691161211, '1', '3']
[1.6984126984126984, 0.37783711615487314, 0.4683941892422458, 0.5512367491166078, 0.9986648865153538, 0.25396825396825395, 0.4954599560017699, 0.5501763115118024, 0.3982083989597117, 0.6671855979477913, 0.5561224489795918, 0.5499081445192896, '1', '4']
[2.282608695652174, 0.5385610766045549, 0.6001922152811149, 0.8264296011532917, 0.1838095238095238, 0.4150197628458498, 0.69143597350772, 0.46002562870414865, 0.47566874295844797, 0.5493354266316892, 0.2030995106035889, 0.6592259515015256, '1', '5']
[2.298507462686567, 0.4916650513665439, 0.45574610684013406, 0.4847230435639661, 1.0, 0.3358208955223881, 0.48822122386294425, 0.5529579822897386, 0.3920675201553581, 0.6417199000101003, 0.8131220051603391, 0.6631369953673064, '1', '6']
[2.944954128440367, 0.5986738689302352, 0.4774908101398768, 0.6465842364061679, 0.9144718210138771, 0.5779816513761468, 0.5815253262602909, 0.5319845204935703, 0.39934114473339416, 0.5700578842410469, 0.5216974876593237, 0.7508383635144199, '1', '7']
[5.922077922077922, 0.9871553884711779, 0.5022359424136638, 0.5130838694786648, 0.875, 0.9655561829474872, 0.5129148858123787, 0.501054069060884, 0.5773868728514221, 0.5774290052726122, 0.9739727608494921, 0.999826147426982, '1', '8']
[2.5, 0.4308641975308642, 0.6267908309455588, 0.8202005730659025, 0.1388888888888889, 0.3, 0.7335044571792423, 0.43127984718242596, 0.4686073105663991, 0.5686605612623903, 0.18384879725085912, 0.5647727272727273, '1', '9']
[8.666666666666666, 0.9086538461538461, 0.4973544973544973, 0.5088183421516755, 0.5, 0.5378787878787878, 0.5465902410346855, 0.5124983041649709, 0.5584479698008787, 0.5682274574497319, 0.9978902953586498, 0.9859649122807017, '1', '10']
[2.962962962962963, 0.6763888888888889, 0.5653661875427789, 0.7665982203969883, 0.9875, 0.6296296296296297, 0.6631683017719979, 0.4799965776865161, 0.4734376056884043, 0.5617981056576922, 0.3278846153846154, 0.7830423940149626, '1', '11']
[1.702127659574468, 0.3853723404255319, 0.484472049689441, 0.6376811594202898, 0.985, 0.2553191489361702, 0.5284055034286301, 0.5492063492063493, 0.39109188148708973, 0.6456222218004222, 0.4036885245901639, 0.5185972369819342, '1', '12']
[2.282608695652174, 0.5385610766045549, 0.6001922152811149, 0.8264296011532917, 0.1838095238095238, 0.4150197628458498, 0.69143597350772, 0.46002562870414865, 0.47566874295844797, 0.5493354266316892, 0.2030995106035889, 0.6592259515015256, '1', '13']
[2.484848484848485, 0.41546563192904656, 0.5857238158772515, 0.8810317989770958, 0.14111498257839722, 0.3484848484848485, 0.757710527557092, 0.46335361785906054, 0.4057271458161482, 0.5572463063908625, 0.1349911190053286, 0.6803155522163786, '1', '14']
[2.593220338983051, 0.6663343303423064, 0.5456359102244389, 0.7584372402327515, 0.8050108932461874, 0.5709745762711864, 0.654662778083041, 0.48911055694098093, 0.46596288221349697, 0.5588878478170936, 0.32955318666364253, 0.763716814159292, '1', '15']
[3.4347826086956523, 0.36268574573472756, 0.5823216995447648, 0.9100910470409712, 0.10379746835443038, 0.30570652173913043, 0.7696196476875371, 0.4543948445093256, 0.3566638244540414, 0.5525712733424882, 0.09853249475890985, 0.7084148727984344, '1', '16']
[2.0, 0.34027623078636665, 0.44680851063829785, 0.5708674304418986, 0.9285714285714286, 0.26332622601279315, 0.5164325671153236, 0.5671739502161858, 0.32280310559190983, 0.6131491134538564, 0.6310517529215359, 0.5848563968668408, '1', '17']
[2.6507936507936507, 0.33865602129075184, 0.4667415099635139, 0.6603985405557115, 0.9272882805816938, 0.30158730158730157, 0.5466055446409082, 0.5430043645518393, 0.30765930919794227, 0.6027790217213975, 0.45995717344753745, 0.6576239476145931, '1', '18']
[1.481012658227848, 0.3514010602618198, 0.4559729064039409, 0.45905172413793105, 0.8173076923076923, 0.2552742616033755, 0.4749017896115233, 0.5516820344406552, 0.3453702537409887, 0.6218505641886503, 0.7491638795986622, 0.6243705941591138, '1', '19']
[2.4444444444444446, 0.46722325293753864, 0.46216633575998234, 0.5190822854621663, 0.9944341372912802, 0.3273809523809524, 0.4973439923803921, 0.5414106079228515, 0.39458954713760963, 0.6599011932297527, 0.7216981132075472, 0.8494667760459393, '1', '20']
[2.128205128205128, 0.23841519925857274, 0.47845804988662133, 0.5377389050858439, 0.8328313253012049, 0.1794871794871795, 0.4993147442127034, 0.5310571732996124, 0.31987441699600716, 0.647430502482184, 0.6026272577996716, 0.5972944849115505, '1', '21']
[1.9069767441860466, 0.36479013045944414, 0.449757045675413, 0.4775510204081633, 0.9715447154471545, 0.2558139534883721, 0.4819400185323299, 0.557962976131219, 0.384680652749732, 0.6575319605312538, 0.7528129395218003, 0.6448298008991651, '1', '22']
[1.5957446808510638, 0.31851063829787235, 0.4504564684925406, 0.36138944555778224, 0.874, 0.19747340425531915, 0.44850694296394206, 0.552263044607734, 0.361468171504775, 0.6800819672329151, 0.502946273830156, 0.7214946070878274, '1', '23']
