Ahmed Emad Barakat | 2807

110 Training Set:

	10f:
		  1
		Matched Percent: 84 %
		Mismatched: [(0, 1), (2, 12), (3, 4), (3, 10), (3, 12), (4, 4), (5, 1), (5, 3), (5, 5), (5, 7), (5, 9), (5, 10), (5, 12), (6, 3), (6, 10), (6, 12), (8, 10)]

		  2
		Matched Percent: 77 %
		Mismatched: [(0, 1), (0, 10), (2, 12), (3, 4), (3, 8), (3, 10), (3, 12), (4, 4), (5, 1), (5, 2), (5, 3), (5, 5), (5, 6), (5, 7), (5, 9), (5, 10), (5, 11), (5, 12), (6, 3), (6, 6), (6, 8), (6, 10), (6, 12), (8, 10)]

		  3
		Matched Percent: 81 %
		Mismatched: [(0, 1), (0, 10), (2, 12), (3, 4), (3, 8), (3, 10), (3, 12), (4, 4), (5, 1), (5, 2), (5, 3), (5, 5), (5, 7), (5, 9), (5, 10), (5, 12), (6, 3), (6, 10), (6, 12), (8, 10)]

		  4
		Matched Percent: 77 %
		Mismatched: [(0, 1), (0, 10), (3, 4), (3, 8), (3, 10), (3, 12), (4, 4), (5, 1), (5, 2), (5, 3), (5, 5), (5, 6), (5, 7), (5, 9), (5, 10), (5, 12), (6, 1), (6, 3), (6, 5), (6, 7), (6, 9), (6, 11), (6, 12), (8, 10)]

		  5
		Matched Percent: 76 %
		Mismatched: [(0, 1), (0, 10), (3, 4), (3, 8), (3, 10), (3, 12), (4, 4), (5, 1), (5, 2), (5, 3), (5, 5), (5, 6), (5, 7), (5, 8), (5, 9), (5, 10), (5, 12), (6, 1), (6, 3), (6, 5), (6, 7), (6, 9), (6, 11), (6, 12), (8, 10)]

		  6
		Matched Percent: 75 %
		Mismatched: [(0, 1), (0, 10), (3, 4), (3, 8), (3, 10), (3, 12), (4, 4), (5, 1), (5, 2), (5, 3), (5, 5), (5, 6), (5, 7), (5, 8), (5, 9), (5, 10), (5, 11), (5, 12), (6, 1), (6, 3), (6, 4), (6, 7), (6, 9), (6, 10), (6, 11), (6, 12), (8, 10)]

		  7
		Matched Percent: 75 %
		Mismatched: [(0, 1), (0, 10), (1, 2), (1, 3), (1, 5), (3, 4), (3, 8), (3, 10), (3, 12), (4, 2), (4, 4), (5, 1), (5, 2), (5, 7), (5, 8), (5, 10), (5, 11), (6, 1), (6, 3), (6, 4), (6, 7), (6, 9), (6, 10), (6, 11), (6, 12), (8, 10)]

		  8
		Matched Percent: 76 %
		Mismatched: [(0, 1), (0, 10), (1, 2), (1, 3), (1, 5), (2, 12), (3, 4), (3, 10), (3, 12), (4, 2), (4, 4), (5, 1), (5, 2), (5, 7), (5, 8), (5, 10), (5, 11), (6, 1), (6, 3), (6, 4), (6, 7), (6, 9), (6, 11), (6, 12), (8, 10)]

		  9
		Matched Percent: 74 %
		Mismatched: [(0, 1), (0, 10), (1, 2), (1, 3), (1, 5), (2, 12), (3, 2), (3, 4), (3, 10), (3, 12), (4, 2), (4, 4), (5, 1), (5, 2), (5, 7), (5, 8), (5, 10), (5, 11), (6, 1), (6, 2), (6, 3), (6, 4), (6, 7), (6, 9), (6, 10), (6, 11), (6, 12), (8, 10)]

		  10
		Matched Percent: 73 %
		Mismatched: [(0, 1), (0, 10), (1, 2), (1, 3), (1, 5), (2, 8), (2, 12), (3, 2), (3, 4), (3, 10), (3, 12), (4, 2), (4, 4), (5, 1), (5, 2), (5, 4), (5, 7), (5, 8), (5, 10), (5, 11), (6, 1), (6, 2), (6, 3), (6, 4), (6, 7), (6, 9), (6, 11), (6, 12), (8, 10)]

*******************************************************************************
	12f:
		  1
		Matched Percent: 73 %
		Mismatched: [(0, 1), (0, 4), (0, 8), (0, 12), (1, 5), (2, 4), (2, 10), (3, 3), (3, 7), (3, 12), (5, 1), (5, 3), (5, 5), (5, 6), (5, 7), (5, 9), (5, 10), (5, 12), (6, 7), (6, 10), (6, 12), (8, 2), (8, 4), (8, 5), (8, 6), (8, 7), (8, 8), (8, 10), (8, 12)]

		  2
		Matched Percent: 64 %
		Mismatched: [(0, 1), (0, 4), (0, 8), (1, 5), (2, 2), (2, 4), (2, 10), (3, 7), (3, 10), (3, 12), (4, 2), (4, 4), (5, 1), (5, 2), (5, 3), (5, 5), (5, 6), (5, 7), (5, 8), (5, 9), (5, 10), (5, 11), (5, 12), (6, 2), (6, 3), (6, 4), (6, 7), (6, 9), (6, 10), (6, 12), (7, 1), (7, 3), (8, 2), (8, 5), (8, 6), (8, 7), (8, 8), (8, 10)]

		  3
		Matched Percent: 64 %
		Mismatched: [(0, 1), (0, 4), (0, 8), (1, 8), (2, 2), (2, 3), (2, 4), (2, 12), (3, 4), (3, 7), (3, 10), (3, 12), (4, 2), (4, 4), (5, 1), (5, 2), (5, 3), (5, 5), (5, 6), (5, 7), (5, 8), (5, 9), (5, 10), (5, 11), (5, 12), (6, 2), (6, 4), (6, 7), (6, 10), (6, 12), (8, 1), (8, 2), (8, 3), (8, 6), (8, 7), (8, 8), (8, 10), (8, 11)]

		  4
		Matched Percent: 63 %
		Mismatched: [(0, 1), (0, 4), (0, 8), (0, 12), (1, 8), (2, 2), (2, 4), (2, 6), (2, 7), (2, 12), (3, 4), (3, 7), (3, 10), (3, 12), (4, 2), (4, 9), (5, 1), (5, 2), (5, 3), (5, 5), (5, 6), (5, 7), (5, 8), (5, 9), (5, 10), (5, 11), (5, 12), (6, 2), (6, 4), (6, 7), (6, 10), (6, 12), (7, 5), (8, 2), (8, 6), (8, 7), (8, 8), (8, 10), (8, 11)]

		  5
		Matched Percent: 57 %
		Mismatched: [(0, 1), (0, 2), (0, 4), (0, 8), (1, 1), (1, 8), (1, 11), (1, 12), (2, 2), (2, 4), (2, 6), (2, 10), (2, 12), (3, 7), (3, 10), (3, 12), (4, 2), (4, 9), (5, 1), (5, 2), (5, 3), (5, 5), (5, 6), (5, 7), (5, 8), (5, 9), (5, 10), (5, 11), (5, 12), (6, 1), (6, 2), (6, 3), (6, 4), (6, 7), (6, 10), (6, 11), (6, 12), (7, 5), (8, 2), (8, 4), (8, 6), (8, 7), (8, 8), (8, 10), (8, 11), (8, 12)]

		  6
		Matched Percent: 57 %
		Mismatched: [(0, 1), (0, 2), (0, 4), (0, 8), (1, 1), (1, 8), (1, 11), (1, 12), (2, 1), (2, 2), (2, 3), (2, 4), (2, 12), (3, 7), (3, 10), (3, 12), (4, 2), (4, 4), (4, 9), (5, 1), (5, 2), (5, 3), (5, 5), (5, 6), (5, 7), (5, 8), (5, 9), (5, 10), (5, 11), (5, 12), (6, 2), (6, 4), (6, 6), (6, 7), (6, 10), (6, 12), (7, 5), (7, 6), (7, 10), (8, 2), (8, 4), (8, 6), (8, 7), (8, 8), (8, 10), (8, 12)]

		  7
		Matched Percent: 52 %
		Mismatched: [(0, 1), (0, 2), (0, 4), (0, 6), (0, 12), (1, 1), (1, 2), (1, 8), (1, 10), (1, 11), (1, 12), (2, 1), (2, 2), (2, 4), (2, 6), (2, 7), (2, 8), (3, 7), (3, 10), (3, 12), (4, 2), (4, 4), (5, 1), (5, 2), (5, 3), (5, 5), (5, 6), (5, 7), (5, 8), (5, 9), (5, 10), (5, 11), (5, 12), (6, 2), (6, 4), (6, 5), (6, 6), (6, 7), (6, 10), (6, 12), (7, 5), (7, 6), (7, 10), (8, 2), (8, 3), (8, 6), (8, 7), (8, 8), (8, 9), (8, 10), (8, 12)]

		  8
		Matched Percent: 46 %
		Mismatched: [(0, 1), (0, 2), (0, 4), (0, 6), (0, 12), (1, 1), (1, 2), (1, 3), (1, 8), (1, 11), (1, 12), (2, 1), (2, 2), (2, 4), (2, 5), (2, 6), (2, 7), (2, 8), (2, 9), (2, 12), (3, 7), (3, 10), (4, 2), (4, 3), (4, 9), (4, 11), (5, 1), (5, 2), (5, 3), (5, 5), (5, 6), (5, 7), (5, 8), (5, 9), (5, 10), (5, 12), (6, 2), (6, 4), (6, 5), (6, 6), (6, 7), (6, 9), (6, 10), (6, 12), (7, 3), (7, 5), (7, 6), (7, 10), (8, 2), (8, 3), (8, 5), (8, 6), (8, 7), (8, 8), (8, 9), (8, 10), (8, 11), (8, 12)]

		  9
		Matched Percent: 38 %
		Mismatched: [(0, 1), (0, 2), (0, 3), (0, 4), (0, 6), (0, 8), (0, 11), (0, 12), (1, 1), (1, 2), (1, 3), (1, 6), (1, 8), (1, 10), (1, 11), (1, 12), (2, 1), (2, 2), (2, 3), (2, 4), (2, 6), (2, 7), (2, 8), (2, 9), (2, 12), (3, 7), (3, 10), (4, 1), (4, 2), (4, 3), (4, 4), (4, 9), (4, 11), (5, 1), (5, 2), (5, 3), (5, 5), (5, 6), (5, 7), (5, 8), (5, 9), (5, 10), (5, 11), (5, 12), (6, 2), (6, 4), (6, 5), (6, 7), (6, 9), (6, 10), (6, 12), (7, 3), (7, 5), (7, 6), (7, 10), (8, 1), (8, 2), (8, 3), (8, 5), (8, 6), (8, 7), (8, 8), (8, 9), (8, 10), (8, 11), (8, 12)]

		  10
		Matched Percent: 37 %
		Mismatched: [(0, 1), (0, 2), (0, 3), (0, 4), (0, 6), (0, 8), (0, 9), (0, 11), (0, 12), (1, 1), (1, 2), (1, 3), (1, 6), (1, 8), (1, 10), (1, 11), (1, 12), (2, 1), (2, 2), (2, 3), (2, 4), (2, 6), (2, 7), (2, 8), (2, 9), (2, 10), (2, 12), (3, 7), (3, 10), (4, 1), (4, 2), (4, 3), (4, 4), (4, 9), (4, 11), (4, 12), (5, 1), (5, 2), (5, 3), (5, 5), (5, 6), (5, 7), (5, 8), (5, 9), (5, 10), (5, 12), (6, 2), (6, 4), (6, 5), (6, 7), (6, 10), (6, 12), (7, 3), (7, 5), (7, 6), (7, 10), (7, 11), (8, 1), (8, 2), (8, 3), (8, 5), (8, 6), (8, 7), (8, 8), (8, 9), (8, 10), (8, 11), (8, 12)]

*******************************************************************************
	14f:
		  1
		Matched Percent: 75 %
		Mismatched: [(0, 1), (2, 4), (2, 12), (3, 4), (3, 7), (3, 8), (3, 10), (3, 12), (4, 4), (5, 1), (5, 3), (5, 5), (5, 7), (5, 8), (5, 9), (5, 10), (5, 11), (5, 12), (6, 3), (6, 10), (6, 12), (8, 4), (8, 5), (8, 6), (8, 7), (8, 10)]

		  2
		Matched Percent: 67 %
		Mismatched: [(0, 1), (0, 10), (2, 2), (2, 4), (2, 12), (3, 4), (3, 7), (3, 10), (3, 12), (4, 2), (4, 4), (4, 10), (5, 1), (5, 2), (5, 3), (5, 5), (5, 7), (5, 8), (5, 9), (5, 10), (5, 11), (5, 12), (6, 1), (6, 2), (6, 3), (6, 4), (6, 5), (6, 6), (6, 7), (6, 8), (6, 9), (6, 10), (6, 11), (6, 12), (8, 10)]

		  3
		Matched Percent: 74 %
		Mismatched: [(0, 1), (0, 10), (2, 2), (2, 4), (2, 12), (3, 4), (3, 7), (3, 8), (3, 10), (3, 11), (4, 2), (4, 4), (5, 1), (5, 2), (5, 3), (5, 5), (5, 7), (5, 8), (5, 9), (5, 10), (5, 11), (5, 12), (6, 2), (6, 3), (6, 4), (6, 10), (6, 12), (8, 10)]

		  4
		Matched Percent: 67 %
		Mismatched: [(0, 1), (0, 10), (2, 2), (2, 4), (2, 12), (3, 4), (3, 7), (3, 8), (3, 10), (3, 11), (3, 12), (4, 2), (4, 4), (5, 1), (5, 2), (5, 3), (5, 5), (5, 7), (5, 8), (5, 9), (5, 10), (5, 11), (5, 12), (6, 1), (6, 2), (6, 3), (6, 4), (6, 5), (6, 7), (6, 9), (6, 10), (6, 11), (6, 12), (8, 7), (8, 10)]

		  5
		Matched Percent: 65 %
		Mismatched: [(0, 1), (0, 10), (2, 1), (2, 2), (2, 4), (2, 6), (2, 7), (2, 8), (2, 12), (3, 4), (3, 5), (3, 8), (3, 10), (4, 2), (4, 4), (5, 1), (5, 2), (5, 3), (5, 5), (5, 7), (5, 8), (5, 9), (5, 10), (5, 11), (5, 12), (6, 1), (6, 2), (6, 3), (6, 4), (6, 5), (6, 7), (6, 9), (6, 10), (6, 11), (6, 12), (8, 7), (8, 10)]

      6
		Matched Percent: 74 %
		Mismatched: [(0, 1), (0, 10), (2, 2), (2, 4), (2, 12), (3, 4), (3, 10), (3, 12), (4, 4), (5, 1), (5, 2), (5, 3), (5, 5), (5, 7), (5, 8), (5, 9), (5, 10), (5, 11), (5, 12), (6, 2), (6, 3), (6, 4), (6, 7), (6, 10), (6, 12), (8, 5), (8, 7), (8, 10)]

		  7
		Matched Percent: 70 %
		Mismatched: [(0, 1), (0, 10), (2, 2), (2, 4), (2, 9), (2, 12), (3, 4), (3, 9), (3, 10), (3, 12), (4, 2), (4, 4), (5, 1), (5, 2), (5, 3), (5, 5), (5, 6), (5, 7), (5, 8), (5, 9), (5, 10), (5, 11), (5, 12), (6, 2), (6, 3), (6, 4), (6, 7), (6, 10), (6, 12), (8, 5), (8, 7), (8, 10)]

		  8
		Matched Percent: 65 %
		Mismatched: [(0, 1), (0, 10), (1, 2), (1, 3), (2, 2), (2, 4), (2, 9), (3, 3), (3, 4), (3, 6), (3, 9), (3, 10), (3, 12), (4, 4), (5, 1), (5, 2), (5, 3), (5, 5), (5, 6), (5, 7), (5, 8), (5, 9), (5, 10), (5, 11), (5, 12), (6, 1), (6, 2), (6, 3), (6, 4), (6, 10), (6, 11), (6, 12), (8, 5), (8, 6), (8, 7), (8, 9), (8, 10)]

		  9
		Matched Percent: 58 %
		Mismatched: [(0, 1), (0, 10), (1, 2), (1, 3), (2, 2), (2, 3), (2, 4), (2, 8), (2, 9), (2, 12), (3, 3), (3, 4), (3, 5), (3, 6), (3, 7), (3, 9), (3, 10), (3, 12), (4, 2), (4, 4), (5, 1), (5, 2), (5, 3), (5, 4), (5, 5), (5, 7), (5, 8), (5, 9), (5, 10), (5, 11), (5, 12), (6, 1), (6, 2), (6, 3), (6, 4), (6, 7), (6, 9), (6, 11), (6, 12), (8, 5), (8, 6), (8, 7), (8, 9), (8, 10), (8, 12)]

		  10
		Matched Percent: 62 %
		Mismatched: [(0, 1), (0, 10), (1, 2), (1, 3), (2, 2), (2, 3), (2, 4), (2, 8), (2, 9), (2, 12), (3, 4), (3, 5), (3, 6), (3, 7), (3, 10), (4, 2), (4, 4), (5, 1), (5, 2), (5, 3), (5, 4), (5, 6), (5, 7), (5, 8), (5, 9), (5, 10), (5, 11), (6, 1), (6, 2), (6, 3), (6, 4), (6, 9), (6, 11), (6, 12), (8, 5), (8, 7), (8, 9), (8, 10), (8, 11), (8, 12)]



***************************************************************************************************
***************************************************************************************************
***************************************************************************************************


230 Training Set:

	10f:
		  1
		Matched Percent: 100 %
		Mismatched: []

		  2
		Matched Percent: 92 %
		Mismatched: [(3, 10), (4, 4), (5, 1), (5, 10), (5, 11), (6, 9), (6, 10), (8, 7)]

		  3
		Matched Percent: 91 %
		Mismatched: [(2, 12), (3, 4), (3, 10), (3, 12), (4, 4), (5, 1), (5, 10), (6, 10), (8, 10)]

		  4
		Matched Percent: 87 %
		Mismatched: [(0, 1), (0, 10), (2, 12), (3, 4), (3, 10), (3, 12), (4, 4), (5, 1), (5, 10), (6, 3), (6, 9), (6, 10), (6, 12), (8, 10)]

		  5
		Matched Percent: 88 %
		Mismatched: [(0, 1), (0, 10), (3, 4), (3, 10), (3, 12), (4, 4), (5, 1), (5, 10), (6, 3), (6, 10), (6, 12), (8, 10)]

		  6
		Matched Percent: 86 %
		Mismatched: [(0, 1), (0, 10), (2, 12), (3, 4), (3, 8), (3, 10), (3, 12), (4, 4), (5, 10), (6, 3), (6, 6), (6, 8), (6, 9), (6, 12), (8, 10)]

		  7
		Matched Percent: 87 %
		Mismatched: [(0, 1), (0, 10), (2, 12), (3, 4), (3, 8), (3, 10), (3, 12), (4, 4), (5, 1), (5, 2), (5, 10), (6, 3), (6, 12), (8, 10)]

		  8
		Matched Percent: 85 %
		Mismatched: [(0, 1), (0, 10), (2, 12), (3, 4), (3, 8), (3, 10), (3, 12), (4, 2), (4, 4), (5, 1), (5, 2), (5, 9), (5, 10), (6, 3), (6, 12), (8, 10)]

		  9
		Matched Percent: 84 %
		Mismatched: [(0, 1), (0, 10), (2, 12), (3, 4), (3, 10), (3, 12), (4, 2), (4, 4), (5, 1), (5, 2), (5, 6), (5, 7), (5, 9), (5, 10), (6, 3), (6, 12), (8, 10)]

		  10
		Matched Percent: 85 %
		Mismatched: [(0, 1), (0, 10), (2, 12), (3, 4), (3, 10), (3, 12), (4, 2), (4, 4), (5, 1), (5, 2), (5, 7), (5, 9), (5, 10), (6, 3), (6, 12), (8, 10)]

*******************************************************************************
	12f:
		  1
		Matched Percent: 100 %
		Mismatched: []

		  2
		Matched Percent: 87 %
		Mismatched: [(2, 4), (2, 7), (2, 12), (4, 4), (4, 12), (5, 1), (5, 6), (6, 3), (6, 4), (6, 7), (6, 9), (6, 10), (6, 12), (8, 1)]

		  3
		Matched Percent: 81 %
		Mismatched: [(0, 4), (2, 4), (2, 7), (2, 10), (2, 12), (4, 12), (5, 1), (5, 6), (5, 12), (6, 4), (6, 7), (6, 9), (6, 10), (6, 12), (8, 1), (8, 2), (8, 3), (8, 4), (8, 7), (8, 12)]

		  4
		Matched Percent: 80 %
		Mismatched: [(0, 1), (0, 4), (2, 4), (2, 12), (3, 12), (4, 12), (5, 1), (5, 2), (5, 6), (5, 9), (5, 10), (5, 12), (6, 7), (6, 10), (6, 12), (8, 1), (8, 2), (8, 7), (8, 10), (8, 11), (8, 12)]

		  5
		Matched Percent: 81 %
		Mismatched: [(0, 1), (0, 4), (2, 4), (3, 12), (4, 2), (5, 1), (5, 3), (5, 6), (5, 7), (5, 9), (5, 10), (5, 12), (6, 3), (6, 7), (6, 9), (6, 12), (8, 1), (8, 2), (8, 10), (8, 11)]

		  6
		Matched Percent: 78 %
		Mismatched: [(0, 1), (0, 4), (2, 4), (3, 12), (4, 2), (4, 12), (5, 1), (5, 2), (5, 3), (5, 6), (5, 7), (5, 9), (5, 10), (5, 12), (6, 2), (6, 6), (6, 7), (6, 12), (8, 1), (8, 2), (8, 10), (8, 11), (8, 12)]

		  7
		Matched Percent: 78 %
		Mismatched: [(0, 1), (0, 4), (2, 4), (3, 3), (3, 12), (4, 2), (4, 12), (5, 1), (5, 2), (5, 3), (5, 6), (5, 7), (5, 9), (5, 10), (5, 12), (6, 2), (6, 7), (6, 12), (8, 1), (8, 2), (8, 3), (8, 10), (8, 12)]

		  8
		Matched Percent: 78 %
		Mismatched: [(0, 1), (0, 4), (2, 4), (2, 12), (3, 3), (3, 5), (3, 12), (4, 2), (5, 1), (5, 2), (5, 3), (5, 6), (5, 7), (5, 9), (5, 12), (6, 2), (6, 7), (6, 12), (8, 1), (8, 2), (8, 3), (8, 5), (8, 10)]

		  9
		Matched Percent: 77 %
		Mismatched: [(0, 1), (0, 4), (2, 2), (2, 4), (2, 12), (3, 3), (3, 12), (4, 2), (5, 1), (5, 2), (5, 3), (5, 9), (5, 12), (6, 2), (6, 4), (6, 7), (6, 9), (6, 10), (6, 12), (8, 1), (8, 2), (8, 5), (8, 10), (8, 12)]

		  10
		Matched Percent: 78 %
		Mismatched: [(0, 1), (0, 4), (2, 2), (2, 4), (2, 12), (3, 3), (3, 12), (4, 2), (5, 1), (5, 2), (5, 3), (5, 9), (5, 10), (5, 12), (6, 4), (6, 5), (6, 7), (6, 12), (8, 2), (8, 4), (8, 5), (8, 10), (8, 12)]

*******************************************************************************
	14f:
		  1
		Matched Percent: 100 %
		Mismatched: []

		  2
		Matched Percent: 85 %
		Mismatched: [(2, 4), (2, 7), (2, 12), (3, 4), (3, 10), (4, 4), (5, 1), (5, 5), (5, 7), (5, 11), (6, 3), (6, 4), (6, 7), (6, 9), (6, 10), (6, 12)]

		  3
		Matched Percent: 83 %
		Mismatched: [(0, 1), (2, 4), (2, 12), (3, 4), (3, 8), (3, 10), (4, 4), (5, 1), (5, 5), (5, 7), (5, 10), (6, 3), (6, 7), (6, 10), (6, 12), (8, 4), (8, 10), (8, 12)]

		  4
		Matched Percent: 78 %
		Mismatched: [(0, 1), (0, 10), (2, 4), (2, 12), (3, 4), (3, 10), (3, 12), (4, 4), (5, 1), (5, 2), (5, 3), (5, 5), (5, 9), (5, 10), (5, 11), (6, 3), (6, 5), (6, 7), (6, 9), (6, 10), (6, 11), (6, 12), (8, 10)]

		  5
		Matched Percent: 76 %
		Mismatched: [(0, 1), (0, 10), (2, 4), (2, 12), (3, 4), (3, 8), (3, 10), (3, 12), (4, 2), (4, 4), (5, 1), (5, 2), (5, 3), (5, 5), (5, 7), (5, 9), (5, 10), (5, 11), (6, 3), (6, 5), (6, 7), (6, 9), (6, 10), (6, 12), (8, 10)]

		  6
		Matched Percent: 75 %
		Mismatched: [(0, 1), (0, 10), (2, 4), (2, 12), (3, 4), (3, 8), (3, 10), (3, 12), (4, 2), (4, 4), (5, 1), (5, 2), (5, 5), (5, 8), (5, 9), (5, 10), (6, 1), (6, 2), (6, 3), (6, 6), (6, 7), (6, 8), (6, 9), (6, 11), (6, 12), (8, 10)]

		  7
		Matched Percent: 75 %
		Mismatched: [(0, 1), (0, 10), (2, 4), (2, 12), (3, 4), (3, 7), (3, 8), (3, 10), (3, 12), (4, 2), (4, 4), (5, 1), (5, 2), (5, 3), (5, 5), (5, 8), (5, 9), (5, 10), (5, 12), (6, 1), (6, 2), (6, 3), (6, 5), (6, 7), (6, 11), (6, 12), (8, 10)]

		  8
		Matched Percent: 75 %
		Mismatched: [(0, 1), (0, 10), (2, 4), (2, 12), (3, 4), (3, 7), (3, 10), (3, 12), (4, 2), (4, 4), (5, 1), (5, 2), (5, 3), (5, 5), (5, 8), (5, 9), (5, 10), (5, 12), (6, 1), (6, 2), (6, 3), (6, 4), (6, 7), (6, 9), (6, 11), (6, 12), (8, 10)]

		  9
		Matched Percent: 74 %
		Mismatched: [(0, 1), (0, 10), (2, 2), (2, 4), (2, 12), (3, 4), (3, 7), (3, 10), (3, 12), (4, 2), (4, 4), (5, 1), (5, 2), (5, 3), (5, 5), (5, 7), (5, 8), (5, 9), (5, 10), (6, 1), (6, 3), (6, 4), (6, 5), (6, 7), (6, 9), (6, 11), (6, 12), (8, 10)]

		  10
		Matched Percent: 74 %
		Mismatched: [(0, 1), (0, 10), (2, 2), (2, 4), (2, 12), (3, 4), (3, 7), (3, 10), (3, 12), (4, 2), (4, 4), (5, 1), (5, 2), (5, 3), (5, 5), (5, 6), (5, 8), (5, 9), (5, 10), (6, 1), (6, 2), (6, 3), (6, 4), (6, 7), (6, 9), (6, 11), (6, 12), (8, 10)]
